0.207 0.399 0.008 -0.04 -0.149 -0.007 0.394 0.098 -0.321 -0.03 0.256 -0.108 -0.024 0.213 -0.063 -0.016 0.086 -0.012 0.003 -0.403 0.446 0.01 0.09 -0.001
0.16 0.293 0.002 -0.063 0.098 0.058 -0.025 0.2 0.296 -0.42 0.375 0.203 -0.2 0.044 0.104 0.197 -0.042 0.181 0.289 0.071 -0.223 -0.222 -0.093 -0.252
-0.207 -0.399 0.008 0.04 0.149 -0.007 -0.394 0.098 0.321 -0.03 0.256 0.108 -0.024 0.213 0.063 0.016 0.086 -0.012 -0.003 -0.403 0.446 -0.01 0.09 0.001
0.16 0.293 -0.002 -0.063 0.098 -0.058 -0.025 -0.2 0.296 0.42 -0.375 0.203 0.2 -0.044 0.104 0.197 0.042 -0.181 0.289 -0.071 0.223 -0.222 0.093 -0.252
-0.204 0.001 0.155 -0.109 0.189 -0.095 0.299 0.446 0.027 0.02 -0.248 0.145 0.239 0.017 0.39 0.045 0.014 0.212 -0.336 -0.262 -0.172 -0.174 -0.074 0.055
-0.346 0.242 0.46 0.195 0.016 0.065 -0.033 -0.041 -0.002 -0.007 -0.013 0.019 0.004 -0.055 0.086 -0.046 -0.078 0.162 -0.03 0.209 0.309 0.391 -0.327 -0.344
0.202 0.141 -0.054 0.157 -0.388 0.008 -0.3 -0.374 0.014 0.049 0.002 0.082 -0.106 -0.188 0.294 -0.103 -0.055 0.37 -0.253 -0.367 -0.113 -0.071 -0.143 0.029
-0.157 -0.282 0.03 0.108 -0.257 -0.125 0.086 -0.008 -0.258 0.457 0.331 -0.032 0.072 0.302 0.095 0.077 0.005 0.106 0.174 0.097 -0.187 -0.293 -0.116 -0.335
-0.202 -0.141 -0.054 -0.157 0.388 0.008 0.3 -0.374 -0.014 0.049 0.002 -0.082 -0.106 -0.188 -0.294 0.103 -0.055 0.37 0.253 -0.367 -0.113 0.071 -0.143 -0.029
-0.157 -0.282 -0.03 0.108 -0.257 0.125 0.086 0.008 -0.258 -0.457 -0.331 -0.032 -0.072 -0.302 0.095 0.077 -0.005 -0.106 0.174 -0.097 0.187 -0.293 0.116 -0.335
0.204 -0.001 0.155 0.109 -0.189 -0.095 -0.299 0.446 -0.027 0.02 -0.248 -0.145 0.239 0.017 -0.39 -0.045 0.014 0.212 0.336 -0.262 -0.172 0.174 -0.074 -0.055
-0.346 0.242 -0.46 0.195 0.016 -0.065 -0.033 0.041 -0.002 0.007 0.013 0.019 -0.004 0.055 0.086 -0.046 0.078 -0.162 -0.03 -0.209 -0.309 0.391 0.327 -0.344
-0.129 0.086 0.068 -0.386 -0.096 -0.547 -0.249 -0.118 -0.2 -0.172 -0.08 -0.003 -0.108 0.134 -0.05 0.442 -0.059 -0.234 -0.119 -0.088 -0.049 0.061 -0.219 -0.0
0.334 -0.27 -0.484 -0.286 -0.033 -0.151 0.114 0.174 0.026 0.045 -0.033 0.085 0.02 -0.102 0.153 -0.068 -0.075 0.183 -0.034 0.161 0.257 0.328 -0.26 -0.273
0.207 -0.12 -0.1 0.408 0.073 0.364 0.112 0.043 0.026 0.041 -0.049 -0.001 -0.036 0.112 -0.043 0.466 -0.095 -0.322 -0.163 -0.179 -0.092 0.113 -0.43 -0.001
0.156 0.05 -0.105 0.003 0.34 0.094 -0.194 -0.233 -0.129 -0.252 -0.155 -0.268 0.291 0.412 -0.089 -0.112 0.207 0.173 -0.268 0.091 0.004 -0.203 -0.056 -0.313
-0.207 0.12 -0.1 -0.408 -0.073 0.364 -0.112 0.043 -0.026 0.041 -0.049 0.001 -0.036 0.112 0.043 -0.466 -0.095 -0.322 0.163 -0.179 -0.092 -0.113 -0.43 0.001
0.156 0.05 0.105 0.003 0.34 -0.094 -0.194 0.233 -0.129 0.252 0.155 -0.268 -0.291 -0.412 -0.089 -0.112 -0.207 -0.173 -0.268 -0.091 -0.004 -0.203 0.056 -0.313
0.129 -0.086 0.068 0.386 0.096 -0.547 0.249 -0.118 0.2 -0.172 -0.08 0.003 -0.108 0.134 0.05 -0.442 -0.059 -0.234 0.119 -0.088 -0.049 -0.061 -0.219 0.0
0.334 -0.27 0.484 -0.286 -0.033 0.151 0.114 -0.174 0.026 -0.045 0.033 0.085 -0.02 0.102 0.153 -0.068 0.075 -0.183 -0.034 -0.161 -0.257 0.328 0.26 -0.273
0.054 -0.008 0.013 0.083 0.166 -0.049 -0.097 0.005 -0.337 0.004 0.141 0.559 0.093 -0.269 -0.136 -0.093 0.593 -0.102 -0.004 -0.007 -0.036 -0.008 -0.182 0.007
-0.08 -0.006 0.007 -0.065 -0.238 0.042 0.147 0.096 0.265 0.118 -0.263 0.162 -0.529 0.2 -0.42 -0.043 0.263 0.124 -0.308 0.047 0.007 -0.107 0.009 -0.172
-0.054 0.008 0.013 -0.083 -0.166 -0.049 0.097 0.005 0.337 0.004 0.141 -0.559 0.093 -0.269 0.136 0.093 0.593 -0.102 0.004 -0.007 -0.036 0.008 -0.182 -0.007
-0.08 -0.006 -0.007 -0.065 -0.238 -0.042 0.147 -0.096 0.265 -0.118 0.263 0.162 0.529 -0.2 -0.42 -0.043 -0.263 -0.124 -0.308 -0.047 -0.007 -0.107 -0.009 -0.172
