0.3121183  0.3102867  0.3066342  -0.3011822 -0.2939628  0.2850182 -0.2744011 -0.2621737  0.2484078 -0.233184   0.2165919 -0.1987287  0.1796992 -0.1596152 -0.1385946  0.1167613  0.0942422 -0.0711693  0.0239093 -0.0476802
0.3102867  0.2939628  0.2621737  -0.2165919 -0.1596154  0.0942417 -0.02391    0.0476796 -0.1167608  0.1796994 -0.233184   0.2744011 -0.3011819  0.3121177  0.3066335 -0.2850191 -0.2484089  0.1987282 -0.0711676  0.1385965
0.3066342  0.2621737  0.1796994  -0.0711695  0.0476796 -0.1596154  0.2484078  0.3011822 -0.3102867  0.2744011 -0.1987287  0.0942417  0.0239098 -0.1385941 -0.2331827  0.2939629  0.3121196 -0.2850173  0.116758  -0.2165945
0.3011822  0.2165919  0.0711695  0.0942417   0.2331841 -0.3066342  0.2939628  0.1987288 -0.0476796 -0.1167608  0.2484077 -0.3102866  0.2850181 -0.1796996 -0.0239114 -0.1385936 -0.2621744  0.3121172 -0.1596119  0.2744044
0.2939628  0.1596154 -0.0476796  0.2331841   0.3121183 -0.2484078  0.0711695 -0.1385948  0.2850182 -0.3011822  0.1796994  0.0239099 -0.2165916  0.3102861  0.2621741 -0.0942438  0.1167606 -0.2743999  0.1987249 -0.3066377
0.2850182  0.0942417 -0.1596154  0.3066342   0.2484078 -0.02391   -0.2165919 -0.3121183  0.1987288  0.0476796 -0.2621737  0.3011822 -0.138595  -0.1167597 -0.2939615  0.2744027  0.0711704  0.1796981 -0.2331802  0.3102903
0.2744011  0.02391   -0.2484078  0.2939628   0.0711695  0.2165919 -0.3066342 -0.1167608 -0.1796994  0.3121183 -0.1596154 -0.1385947  0.3102865 -0.1987294  0.0942392 -0.3011819 -0.2331852 -0.0476786  0.2621703 -0.2850216
0.2621737 -0.0476796 -0.3011822  0.1987288  -0.1385948  0.3121183 -0.1167608  0.2165919 -0.2939628  0.02391    0.2744011 -0.2484078 -0.0711691  0.3066336  0.1797013  0.1596131  0.3102873 -0.0942425 -0.2850156  0.233187
0.2484078 -0.1167608 -0.3102867  0.0476796  -0.2850182  0.1987288  0.1796994  0.2939628  0.02391   -0.3066342  0.1385948  0.233184  -0.2621738 -0.0942404 -0.3121182  0.0711725 -0.2744008  0.2165923  0.3011806 -0.159618
0.2331841 -0.1796994 -0.2744011 -0.1167608  -0.3011822 -0.0476796  0.3121183  0.02391    0.3066342 -0.0942417 -0.2850182  0.1596155  0.2484075 -0.2165928  0.1987264 -0.2621756  0.1385937 -0.2939627 -0.3102862  0.0711717
0.2165919 -0.2331841 -0.1987288 -0.2484078  -0.1796994 -0.2621737  0.1596154 -0.2744011  0.1385948  0.2850182 -0.1167608 -0.2939627  0.0942421  0.3011818  0.0711724  0.3066336  0.0476808  0.3102862  0.312119   0.0239078
0.1987288 -0.2744011 -0.0942417 -0.3102867  0.02391    -0.3011822 -0.1385948 -0.2484078 -0.2331841  0.1596154  0.2939628 -0.0476797 -0.3121184 -0.0711681 -0.2850196 -0.1796967 -0.2165926 -0.2621728 -0.3066359 -0.1167586
0.1796994 -0.3011822  0.02391   -0.2850182  0.2165919  -0.1385948 -0.3102867  0.0711695 -0.2621737 -0.2484078  0.0942417  0.3121183  0.1167605 -0.2331851  0.2744    -0.0476826  0.3066339  0.1596141  0.2939653  0.1987262
0.1596154 -0.3121183  0.1385948 -0.1796994  0.3102867   0.1167608 -0.1987288  0.3066342  0.0942417 -0.2165919 -0.3011822 -0.0711694  0.2331844  0.2939626 -0.047677   0.2484093 -0.2850171 -0.0239084 -0.2744042 -0.2621708
0.1385948 -0.3066342  0.2331841 -0.02391    0.2621737   0.2939628  0.0942417  0.1796994  0.3121183  0.1987288 -0.0711695 -0.2850183 -0.2744011 -0.0476785 -0.2165941 -0.310286   0.159614  -0.1167626  0.2484111  0.3011788
0.1167608 -0.2850182  0.2939628  0.1385948  0.0942417   0.2744011  0.3011822 -0.1596154  0.0711695  0.2621737  0.3066342  0.1796993 -0.04768   -0.2484088  0.3102871  0.1987267  0.023911   0.2331858 -0.2165953 -0.3121147
0.0942417 -0.2484078  0.3121183  0.2621737  -0.1167608  0.0711695  0.2331841 -0.3102867 -0.2744011 -0.1385948  0.0476796  0.216592   0.3066344  0.2850184 -0.1596143  0.0239118 -0.1987288 -0.3011838  0.1797024  0.2939591
0.0711695 -0.1987288  0.2850182  0.3121183  -0.2744011 -0.1796994 -0.0476796 -0.0942417 -0.2165919 -0.2939628 -0.3102867 -0.2621737 -0.1596154 -0.0239094 -0.1167624 -0.2331846  0.3011813  0.3066355 -0.1385973 -0.2484045
0.0476796 -0.1385948  0.2165919  0.2744011  -0.3066342 -0.3102867 -0.2850182  0.2331841  0.1596154  0.0711695 -0.02391   -0.1167609 -0.198729  -0.2621746  0.3011833  0.3121176 -0.2939615 -0.2484087  0.0942434  0.1796969
0.02391   -0.0711695  0.1167608  0.1596154  -0.1987288 -0.2331841 -0.2621737  0.2850182  0.3011822  0.3102867  0.3121183  0.3066342  0.293963   0.2744017 -0.2484082 -0.2165911  0.1796985  0.1385953 -0.0476805 -0.0942404
