203305.95354 53104.30287 -150201.65067 0.0 0.0 0.0 -0.0 -0.0 -37550.41267 -37550.41267 0.0 0.0 0.0 0.0 0.0 0.0 0.0 0.0 0.0 0.0 0.0 0.0 0.0 0.0
53104.30287 203305.95354 0.0 0.0 0.0 0.0 -0.0 -106208.60574 -37550.41267 -37550.41267 0.0 0.0 0.0 0.0 0.0 0.0 0.0 0.0 0.0 0.0 0.0 0.0 0.0 0.0
-150201.65067 0.0 203305.95354 -53104.30287 0.0 0.0 -37550.41267 37550.41267 -0.0 -0.0 0.0 0.0 0.0 0.0 0.0 0.0 0.0 0.0 0.0 0.0 0.0 0.0 0.0 0.0
0.0 0.0 -53104.30287 203305.95354 0.0 0.0 37550.41267 -37550.41267 -0.0 -106208.60574 0.0 0.0 0.0 0.0 0.0 0.0 0.0 0.0 0.0 0.0 0.0 0.0 0.0 0.0
0.0 0.0 0.0 0.0 203305.95354 53104.30287 -106208.60574 0.0 0.0 0.0 0.0 0.0 -0.0 -0.0 -34177.62413 -34177.62413 0.0 0.0 0.0 0.0 0.0 0.0 0.0 0.0
0.0 0.0 0.0 0.0 53104.30287 203305.95354 0.0 0.0 0.0 0.0 0.0 0.0 -0.0 -196247.91403 -34177.62413 -34177.62413 0.0 0.0 0.0 0.0 0.0 0.0 0.0 0.0
-0.0 -0.0 -37550.41267 37550.41267 -106208.60574 0.0 203305.95354 0.0 -75100.82534 0.0 0.0 0.0 0.0 0.0 -0.0 -0.0 -24167.22979 -24167.22979 0.0 0.0 0.0 0.0 0.0 0.0
-0.0 -106208.60574 37550.41267 -37550.41267 0.0 0.0 0.0 203305.95354 0.0 0.0 0.0 0.0 0.0 0.0 -0.0 -68355.24826 -24167.22979 -24167.22979 0.0 0.0 0.0 0.0 0.0 0.0
-37550.41267 -37550.41267 -0.0 -0.0 0.0 0.0 -75100.82534 0.0 203305.95354 0.0 -106208.60574 0.0 0.0 0.0 -24167.22979 24167.22979 -0.0 -0.0 0.0 0.0 0.0 0.0 0.0 0.0
-37550.41267 -37550.41267 -0.0 -106208.60574 0.0 0.0 0.0 0.0 0.0 203305.95354 0.0 0.0 0.0 0.0 24167.22979 -24167.22979 -0.0 -68355.24826 0.0 0.0 0.0 0.0 0.0 0.0
0.0 0.0 0.0 0.0 0.0 0.0 0.0 0.0 -106208.60574 0.0 203305.95354 -53104.30287 0.0 0.0 0.0 0.0 -34177.62413 34177.62413 -0.0 -0.0 0.0 0.0 0.0 0.0
0.0 0.0 0.0 0.0 0.0 0.0 0.0 0.0 0.0 0.0 -53104.30287 203305.95354 0.0 0.0 0.0 0.0 34177.62413 -34177.62413 -0.0 -196247.91403 0.0 0.0 0.0 0.0
0.0 0.0 0.0 0.0 -0.0 -0.0 0.0 0.0 0.0 0.0 0.0 0.0 256410.25641 0.0 -126304.02962 0.0 0.0 0.0 0.0 0.0 0.0 0.0 0.0 0.0
0.0 0.0 0.0 0.0 -0.0 -196247.91403 0.0 0.0 0.0 0.0 0.0 0.0 0.0 256410.25641 0.0 0.0 0.0 0.0 0.0 0.0 0.0 0.0 0.0 0.0
0.0 0.0 0.0 0.0 -34177.62413 -34177.62413 -0.0 -0.0 -24167.22979 24167.22979 0.0 0.0 -126304.02962 0.0 190420.689 21996.52247 -62215.5608 0.0 0.0 0.0 -0.0 -0.0 -25090.71899 -25090.71899
0.0 0.0 0.0 0.0 -34177.62413 -34177.62413 -0.0 -68355.24826 24167.22979 -24167.22979 0.0 0.0 0.0 0.0 21996.52247 190420.689 0.0 0.0 0.0 0.0 -0.0 -70967.27016 -25090.71899 -25090.71899
0.0 0.0 0.0 0.0 0.0 0.0 -24167.22979 -24167.22979 -0.0 -0.0 -34177.62413 34177.62413 0.0 0.0 -62215.5608 0.0 190420.689 -21996.52247 -126304.02962 0.0 -25090.71899 25090.71899 -0.0 -0.0
0.0 0.0 0.0 0.0 0.0 0.0 -24167.22979 -24167.22979 -0.0 -68355.24826 34177.62413 -34177.62413 0.0 0.0 0.0 0.0 -21996.52247 190420.689 0.0 0.0 25090.71899 -25090.71899 -0.0 -70967.27016
0.0 0.0 0.0 0.0 0.0 0.0 0.0 0.0 0.0 0.0 -0.0 -0.0 0.0 0.0 0.0 0.0 -126304.02962 0.0 256410.25641 0.0 0.0 0.0 0.0 0.0
0.0 0.0 0.0 0.0 0.0 0.0 0.0 0.0 0.0 0.0 -0.0 -196247.91403 0.0 0.0 0.0 0.0 0.0 0.0 0.0 256410.25641 0.0 0.0 0.0 0.0
0.0 0.0 0.0 0.0 0.0 0.0 0.0 0.0 0.0 0.0 0.0 0.0 0.0 0.0 -0.0 -0.0 -25090.71899 25090.71899 0.0 0.0 155137.71894 -36857.27442 -80950.06088 0.0
0.0 0.0 0.0 0.0 0.0 0.0 0.0 0.0 0.0 0.0 0.0 0.0 0.0 0.0 -0.0 -70967.27016 25090.71899 -25090.71899 0.0 0.0 -36857.27442 181309.69003 0.0 0.0
0.0 0.0 0.0 0.0 0.0 0.0 0.0 0.0 0.0 0.0 0.0 0.0 0.0 0.0 -25090.71899 -25090.71899 -0.0 -0.0 0.0 0.0 -80950.06088 0.0 155137.71894 36857.27442
0.0 0.0 0.0 0.0 0.0 0.0 0.0 0.0 0.0 0.0 0.0 0.0 0.0 0.0 -25090.71899 -25090.71899 -0.0 -70967.27016 0.0 0.0 0.0 0.0 36857.27442 181309.69003
